20
490 844 318 332 275 241 434 79 99 34 80
35277 38250 2 199 1349 28136 16549 49 90 40 96
4718 7077 134 115 1000000 3964 4597 7 20 29 77
192 223 29 170 28 25 108 89 74 40 51
5726 4567 144 121 1000000 454 3685 99 81 46 52
14 15 12 4 4 3 5 84 74 53 68
703 687 125 343 321 68 78 38 8 2 66
39078 39880 20882 20735 3 22243 24336 53 36 6 40
8497 2343 94 193 1000000 5999 1852 70 15 92 16
39954 39461 443 17 1000000 34349 36388 60 98 69 44
39843 39881 20522 20114 3 11897 5279 74 89 96 58
28557 13495 1138 1991 385 23252 10801 56 19 77 36
39491 39608 20414 20014 3 22564 17425 7 17 95 40
4 4 1 1 3 1 1 2 2 2 2
4886 4367 95 87 1000000 3493 4363 2 66 19 64
6503 8478 146 197 1000000 332 8138 33 8 90 43
21995 37911 1150 1245 833 47 23529 19 74 87 95
24576 30148 1171 1922 740 19787 13047 34 74 34 11
35510 11125 1346 1407 395 35248 9485 18 91 26 9
4 4 2 2 1 0 2 1 2 3 4
