20
714311129 39521
9 5 9 999998192
1000000000 100000
999999999 1 999999999 1000000000
232959116 56689
4 9 1 999903057
164 96
76 2 193 164
1000000000 1
12 7 74 12
97 39
34 37 656 97
177 73
7 7 5 56401
66 39
35 2 589 66
497151700 96511
9 7 6 999919625
186 75
68 16 539 186
78 51
3 5 5 51230
82 81
58 56 739 82
98 59
6 30 524 98
112 73
1 5 3 64100
1000000000 100000
100000 1 0 1000000000
28 21
6 5 1 85919
977365070 59489
8 5 9 999966210
840698758 13331
8 7 10 999955808
1000000000 100000
99999 1 99999 100000
1000000000 100000
1 1 1 1000000000
http://vk.com/startupers
http://vk.com/videos-33468739
http://vk.com/forstart